2.7917029259996067 -0.21409055156908513 0
1.7383540565330138 1.1932882549208066 0
1.243864701664687 2.177270328713049 0
0.6010612915277965 2.689081151017215 0
2.03999402302834 0.6657959281298512 0
-1.4580575500266393 2.0539485478098922 0
-1.7302040075402352 -2.1626062450443486 0
-0.9554368912535218 2.239098422150722 0
0.651585652053372 -0.3204421174935871 0
0.7385952129895331 -0.4221764589415243 0
1.8356876128233766 -1.288751455793075 0
2.4324082260065185 -0.6151545688036691 0
-0.19747180333731285 -2.8495361415962255 0
0.9837157569088633 -1.8848509327001528 0
-1.7321280558237149 0.39336979410571504 0
-0.8154292411662891 -0.18585661906857945 0
1.1574041940361968 -1.514457138198137 0
-0.18617731328573708 -2.8403432032744 0
-1.3365815616805374 -2.186265231069084 0
-1.8031844940151385 -1.3577797092677804 0
-1.9492132019207833 2.0264568912538405 0
2.9569838198246505 -0.2627093402778723 0
1.503063705568345 1.429448412137591 0
-0.377077053525741 2.464902382030334 0
0.21008726915296713 0.710640686881876 0
-0.3828397913631741 -1.4685635438640363 0
-1.6919505344621533 -1.6460232654230615 0
-1.7401744701037376 1.3330118635311714 0
1.1905755850188553 1.2518847127961372 0
-1.7158996040235597 -0.0792276489472593 0
0.08359035152647722 1.45944150787242 0
-0.9604874381392019 0.7216576396877661 0
-0.9029175462405329 1.044727095867615 0
-0.30905379696238966 -2.966488352480367 0
-1.072931102997788 -0.4245340114151176 0
1.3595912468236422 2.517755205046903 0
1.099374121902224 1.7058538803722938 0
2.3967368459582947 -0.5110619746557846 0
0.25046042973408755 -0.9672684185812522 0
-2.5401260476140983 -1.5102557176001048 0
0.3444508270750833 0.39598021655394133 0
-2.9313217019430007 -0.21836456461063727 0
1.8309784268704994 1.077238521489044 0
2.186216454932572 0.6420673771985478 0
-0.025432476698956062 1.7231756184992806 0
-2.127158617168532 1.1217474535371084 0
-1.58815857178994 0.8217609887143713 0
-0.5025373042373205 -0.614169148737558 0
1.806393498572634 -2.054297908422065 0
-2.107278598865484 0.32227628329246877 0
-0.6802803400598334 -0.6510463238761018 0
2.1976785220009787 -0.4128293766254532 0
-2.492267263415099 1.1040781829045598 0
-0.3896221518742414 2.843810251741473 0
-0.4494323349562978 -0.15535301667307777 0
1.0999455647707883 1.7859022605814021 0
-2.307594418932002 -1.5236048918997969 0
0.9088875928207463 1.9797054081831278 0
1.102166098943083 -1.873679563351713 0
1.500965846234313 0.0884938210643643 0
-0.35904464325515123 -2.444760995344518 0
2.8999709885716256 -0.011154142039163274 0
-0.42242327554724113 0.25654325743369244 0
0.6767695562207026 -2.493289901717877 0
-2.575658947197662 -0.24516663742775263 0
-0.7077683008031304 1.528378530999562 0
-1.600454015029059 -0.31107992838440557 0
0.2789858416568481 0.7651413343534167 0
-1.2857191944298512 -1.1110633135356014 0
0.08914884045216281 2.9436141633787485 0
0.6223582463491771 0.8298668470568279 0
-0.761043336616765 -2.2314093461309805 0
-2.877745836548122 0.4385758565590772 0
1.444841965717209 1.8861505670028165 0
0.02981609029007581 0.8287276353054281 0
0.797485703930584 -1.2338497473473409 0
0.02873514799253793 -2.907266985319494 0
-0.277046289714284 2.329841349235147 0
2.2661997535555516 -1.439604058565358 0
-1.4421743523372808 -0.10069858740978686 0
-1.936723207030717 0.7223831117596026 0
-2.2572006540803335 -1.7763479899660408 0
-0.23591527823426905 0.7575853038727052 0
2.187851531662226 1.2026231812800874 0
1.240408425780273 -1.1323003414719766 0
-0.12032025359328842 0.3743453867270587 0
-2.561505599486498 0.7229814266218675 0
-1.21890583315144 -2.5269294992781557 0
-1.431289234115115 -0.9803397094525652 0
0.6176301976783463 -1.97314857093766 0
-2.0530612504725787 -1.2851412201639694 0
0.6455784779532141 0.7102944587459485 0
-2.581560539741362 1.0142115412826451 0
0.038617152935361755 -2.864735080236507 0
1.7130379600746521 1.2458427058956587 0
-1.5820052212547915 1.2255521532764249 0
1.922207245493291 -0.26021248238637834 0
0.3309732390320473 1.3606958913714902 0
-0.01626516512911084 1.1794828809215347 0
-0.20229427916506904 0.9153631914981629 0
0.3460322558216246 0.6986659815010872 0
1.0977320982067402 -1.9396338149872914 0
1.2917151972969465 1.6458748097292288 0
2.3264999515741014 1.5579725347185287 0
1.4038095269401143 -0.9780963608273607 0
-2.0781897440106323 0.23817850027977353 0
-2.6526219883559454 0.8906302969618068 0
0.47969554058222313 -0.618449773405807 0
-2.336079630449003 -1.030067152720163 0
0.8926007193315962 -1.700400412806271 0
-0.16879159930229265 0.027059608641700858 0
-0.36563390345084185 -0.516128069861511 0
-1.4677721888946103 2.503268913673657 0
-1.086118286142876 -1.6738698794464448 0
1.7044954265409111 1.1375789869134665 0
-0.990344745509991 1.3177510971694435 0
-1.7801603240972361 0.25860866478102085 0
-1.9639127564252004 -1.7818285860573873 0
0.1723262162069082 -1.2855925848385819 0
1.3594563469025567 2.154065287348926 0
-2.2714806923564757 0.6469624901030637 0
1.937905754573734 0.3190376499818624 0
-0.714977312003674 -2.40495779830025 0
0.08657528339044064 -0.552872256152679 0
1.3053428673817178 -0.6476545551844646 0
1.198182859437505 1.7905980478840144 0
-2.6259842492792234 1.0367372074253867 0
1.5166513763895253 2.476233422991189 0
-1.520395070914946 -0.0451525256125859 0
0.7055957525505759 -2.403425265869471 0
1.3051539090724262 0.9055350946934201 0
-0.9301683286144093 -0.5579554536463824 0
-0.47828501351252833 1.4010299229402488 0
-1.1842929485726816 -1.100295679369117 0
0.8382151012073091 2.190896464311326 0
-0.876844098151745 2.1017201738003264 0
2.5647612749908237 1.3200527516333493 0
-1.6050633698244299 0.2502781263004263 0
-0.16032269718033093 1.8142049736633996 0
1.2816188385410825 1.1686873125299926 0
0.6883677296967442 -0.6576789520156014 0
1.0205635379203657 0.14762175854797557 0
-0.10137942467437383 2.5537267390298104 0
1.8541941972992415 -1.8212784909630684 0
-1.9466447257497885 0.43854912631449394 0
0.8070912835812408 0.8032589681168621 0
-1.2686160945864928 1.8042135001176214 0
2.234946311743015 0.10572266111377282 0
1.5628304895892435 -1.9275386910416261 0
-0.704687832187563 2.1855840671261273 0
-0.09758226442384885 0.7949358627989382 0
-2.6050027807305054 -1.4487899706015412 0
2.3137377927878777 -1.4566173628854246 0
0.6132943040901485 -0.006491166977829523 0
2.189826784643643 -1.4919444245940656 0
1.528420076274975 -1.5408625026532365 0
-1.8023543968541718 -0.4737095518318761 0
-1.068570668182571 2.2047746820036536 0
-2.6061026020754285 -0.599498758547711 0
1.262263304583543 -0.046417028815955545 0
0.38012416475476263 0.12884600466380947 0
-1.5820881767959005 -0.9568151794135888 0
0.6690283225945054 2.569308428314506 0
-1.5098600058733105 -1.272840279533241 0
2.40428984865723 1.5347749384296197 0
-1.6642596862804684 2.3225115873848834 0
-1.3350167689832848 1.1728528808868375 0
-1.8306307354560032 0.07104486916540738 0
-1.3217103417778557 2.2785296625681664 0
-0.990958296484478 -0.7517667527345502 0
-0.046581491771630304 -0.21666884808842293 0
-1.5429826476731392 1.2180087148997651 0
-0.040464886257289515 -2.4835439391100795 0
0.2748292548378078 1.9298881699565897 0
2.130346346526045 1.9335267338914424 0
-1.741555583568004 -1.6772392472413904 0
-1.6345668591496598 1.9963124452155816 0
0.8583753542650301 2.220159940671976 0
0.4147102225966266 -2.0085460934438006 0
-1.0421860489817008 2.230121670793867 0
-1.7500505511228688 -0.850451825437016 0
0.3640630161304163 0.24598421891290312 0
1.69846872904872 -0.33005862420033083 0
0.3598254143514204 1.4440769049704907 0
2.018722143716538 -2.2078503098530184 0
1.7258898248086005 1.3983742931228145 0
-1.751851475336071 -0.33606353548440415 0
-0.12228578710347425 -0.09247877645964345 0
1.5349707574019305 -0.8876835334234274 0
-2.0061965080080264 -1.141473442778509 0
0.279279071352358 0.14677961564655936 0
-0.8747745656467344 -1.5688216717299925 0
0.3543937452485792 2.2570327351808097 0
-2.2036705024208834 -0.3198368627940363 0
-2.4116644195451733 -0.8014683376761371 0
-2.559114855253564 -0.03103356787585879 0
1.3525722220807892 -1.3415748393454867 0
-0.6369206853074283 0.14789659121063078 0
-0.5072710949557742 -0.25724185715529513 0
-2.169438870346704 -1.5229681504494705 0
-1.20987629627926 -0.03617407123903329 0
-0.9438643237760613 -1.7338401815166151 0
2.1056742146557834 0.48832667608349156 0
-1.0742187423157248 2.489020995443549 0
0.7262183429421925 -0.3361734197148262 0
1.636047558965989 -2.209225699156223 0
0.06962627962382842 1.3014896643848046 0
2.25386440771778 1.2292275125971073 0
-1.8441453746623813 -0.9296623060621642 0
1.8130501954298615 -0.21841047266528602 0
1.4833235662574027 1.9346999092948454 0
-2.044929406381623 -1.1948606327177203 0
-1.3801831995971163 0.16970045081056942 0
1.891343216623413 -0.23081620714532586 0
2.6950279468980827 0.7511112850138181 0
-1.5977922700513643 0.22056934441228931 0
1.9835534413103686 1.4558176510457161 0
0.724933430116552 0.03543034133112204 0
2.0678999230450628 0.19669855439616526 0
-0.07731925830978408 1.3292515850771143 0
1.6687740961756616 1.5499313618695043 0
-2.3936387470537004 -1.2058642944458526 0
-2.5987472179033917 1.3097652084007378 0
-2.4907499717397195 1.1377339591553357 0
-2.099815023705329 0.4960637277949832 0
1.0272064365206661 -1.4401159371995602 0
0.07720966694049418 -1.707488818642943 0
-2.389704114674799 -0.5914550318339881 0
-1.661435694044307 2.07937751137538 0
-2.515618188959837 0.9220824050710151 0
-0.8172361723273419 0.32259112496503944 0
1.2407771920334199 -2.000304764609631 0
-1.3595369637842012 -2.290789988136639 0
0.48938818074572427 1.7500358082205614 0
-2.4318462352418555 -1.7147082125531772 0
2.53335917087567 -1.2404352833174719 0
0.2184053859156026 -2.771163769661295 0
0.850304920746982 1.9169429648358156 0
1.1261471244875971 -1.1490248296762111 0
1.6074373516203517 -1.6569262878803332 0
0.9201936494249965 -0.10792258377372442 0
-2.3391377879558033 0.9185273530774946 0
-1.9040257327104055 -0.3824161964374604 0
-0.024835908029319714 -0.6321431280193291 0
-2.6336243547900002 -1.405838036033776 0
2.328423005570872 -0.8015142164240909 0
1.80350930281164 1.8460590909200314 0
0.05695081023791856 1.5889903177949487 0
2.3871103820926356 -0.3000547238138332 0
-0.5794891217816317 0.6616280306040102 0
3.37044174874095 -7.699049545680249 1
6.978754737656425 -0.6721210657765027 1
6.421815028944671 -5.356895459620364 1
-5.694358512428399 6.824370045172879 1
6.921229674958683 4.601033468865128 1
9.36795554669929 -2.6372595910899257 1
-9.424892577109423 -2.323364604874314 1
5.764588356934457 1.532674201987605 1
0.06747448977781273 -6.68854228020395 1
-7.137893906964757 2.4017067311568905 1
9.071709127913664 3.3700012677735196 1
0.6008061490652556 9.83596307827331 1
5.598346007402061 -4.447385552222338 1
-5.679677471076805 2.1893820945368345 1
-3.9198746687598094 -6.891916676295196 1
0.886499653173088 9.258272788985165 1
4.532692771311941 2.7340321311790508 1
-1.0943670614464327 -8.838971683175695 1
-5.43755065767447 0.3196901851428608 1
-5.697979463484977 5.108970849077645 1
-4.349340108460117 -4.655785344435108 1
-2.1446260924124547 7.445718120867374 1
3.689580558459376 -6.028803481382817 1
-4.793019673802065 -2.1648344357596754 1
-5.3852098892610805 3.257132434875345 1
7.248638647068907 4.8332156448298385 1
-5.761536307094885 -5.461592897093079 1
5.885614446429519 -5.333408489931618 1
-5.853118274997544 -4.465428345312081 1
-1.237853484821819 7.6515540482299755 1
1.1709315181023354 8.31515718901265 1
1.9337706314542087 8.77322999363756 1
-8.756779460451959 4.218251266503629 1
1.7271957974018264 6.876469093901963 1
-4.478916861251871 -2.988758268212006 1
-0.8381933312074817 -7.733010958098952 1
-1.3074743943097424 -7.5149580169633285 1
-9.562521721240557 -0.08593284402099309 1
4.394088880750751 3.3020997137548966 1
-7.594166201243236 -2.240689261960576 1
-6.548210082696532 4.632212673054954 1
1.6615538861111978 6.9519265573668845 1
-6.253605137330025 3.626724253585683 1
-1.9915906709324331 6.290278324375947 1
-3.4694545836996427 -2.9187608426179317 1
-7.614324542465789 1.7847786213966814 1
-5.246611944449512 -7.940155759543733 1
6.475872409706181 4.234226821890031 1
-7.984620684288533 -3.3676278679087988 1
-9.297230935445924 -2.4959273511450313 1
6.759611640583349 5.976670685973167 1
-3.304307391946636 5.607768178160228 1
6.1603828908604275 -7.191149973557106 1
4.819281857645128 8.47397610112916 1
1.277684882424853 -6.142612840962039 1
-6.962005925087407 -5.218619955457321 1
-6.780361263014516 -0.5866393093485753 1
-1.7112628335567153 7.759123919276815 1
-3.6318972907168976 5.0787142490790425 1
-9.525289857263008 -2.2168368551507363 1
5.9377014161976085 6.583711569572998 1
7.509207598779119 -3.631008071623718 1
7.147951258104896 -6.033762280586003 1
-4.094503461072315 -5.763882864050888 1
6.918517026226253 2.3583853611620245 1
6.310531132662386 -6.5106430256712065 1
8.70900061967603 -4.066723659286105 1
-8.06318555924272 1.7860246924918335 1
0.46471181626721214 8.612536311409453 1
-3.5127306968714276 7.050814453060388 1
-6.6690280428164 -1.8409147671369277 1
5.003930856055972 -4.923787152030305 1
-9.66604193769296 0.5210270865805872 1
-1.560422532053224 9.268671310675357 1
7.987707577442551 1.9179499170811904 1
-7.792239149572861 -1.1370951980250386 1
-2.232959126679684 8.909702508338817 1
-3.617669970752694 -7.823621725677305 1
1.0331338332003903 9.33107250874576 1
6.818730781065066 2.342184652723469 1
-6.8079301325662165 -1.5143659410605395 1
8.803382003593207 -4.20688406695579 1
8.930395464946075 0.007412890035744859 1
4.918692946804195 -3.5950941405856107 1
-5.636806098541405 3.2910623581708154 1
-1.5941047714134757 -5.249605353215247 1
-6.930864933025571 3.4178388368543886 1
7.301397006362099 6.73202192294963 1
-3.697289684612254 4.246061322891404 1
4.611191125185894 7.4876336110458315 1
5.1454098529364325 -6.328924401520337 1
-2.161547643106369 -7.43575019885351 1
-6.034357639400578 0.5765041777498191 1
-1.1324060605414994 7.877989294747884 1
-7.1826423699601705 2.303816638312771 1
8.102695581669504 4.36613874213788 1
5.027594369261513 4.344823735772827 1
-4.378088858784748 3.126776445266316 1
0.7058102302185331 9.843049069522408 1
-4.226108330619001 4.212959030257916 1
-1.5204240731278051 -7.043445321637737 1
1.8395839602568287 -6.715758216343203 1
-2.519381463440794 -9.007395121873788 1
6.028587375655179 7.688053158448497 1
-5.89417061893156 6.344666579676261 1
6.468750317135111 -6.088907439424944 1
9.312688656633759 -2.447444552830401 1
0.6752198876798707 6.600583476382562 1
-9.581301592397354 1.5025568615624632 1
-7.740443259855601 5.472065954889283 1
2.2515627890190606 -9.473665539114998 1
-1.8219991767697896 8.691251237735363 1
0.5433776913957706 -9.432164197813028 1
6.4032721504658925 -1.0081743297585049 1
7.054730607981557 5.2069848323115915 1
-2.299487178299045 -8.07442258964705 1
-6.427388211810974 7.189013951064687 1
-6.799905989345294 -2.905365361618968 1
4.731499801815043 2.785009887988883 1
-8.39930375415243 -2.0287682686007145 1
5.163403534968581 8.456815287115116 1
-6.72245395136307 -4.677987018590826 1
1.18919740068517 8.976798761048164 1
-7.167976805270255 -0.20832090910728132 1
4.636880455150223 7.141403069735024 1
-8.45029994048053 2.431748072941271 1
8.958192312187045 0.5381361489323478 1
-5.448452861594279 -3.7803552987270943 1
7.511940207803204 -1.103174405734823 1
2.8414751927900417 3.9961175237114017 1
0.8596548882142752 5.2445212237393575 1
5.106688407579799 3.623980955440149 1
-6.956364191924761 3.688542699720517 1
6.706805720266082 -2.9753243833872056 1
7.0785307697212465 -1.6340490276467832 1
8.94491935043143 -1.4197506518244785 1
2.63960929524158 -7.334998531208118 1
-5.826563057831259 -3.2368947736874967 1
9.172421558734419 -3.8200844389863766 1
8.148471399996234 -2.3402915931139 1
-7.1619271759201295 -3.319378457201387 1
5.688110929271902 1.0934428530101705 1
-7.814498666973609 -4.713737435789062 1
3.9197772494810725 3.8336426704960154 1
9.361548760398955 2.362483315956164 1
-7.004968741182872 1.436988763444064 1
4.642874371321786 2.0577615297232037 1
-5.7442341109628146 -5.591052468120744 1
1.2882969013783003 -6.354108880238024 1
-7.858453575083204 -0.5925855736355454 1
8.127933544583097 2.6050286962098452 1
6.0785476024336935 -7.569618835270646 1
9.125270436805806 -3.5314419838635533 1
-3.132564845834029 4.866380986088004 1
9.51586655787607 2.592695368764851 1
7.7478761029824295 -3.0022879147231176 1
0.3690118571018058 -9.061107959969815 1
-2.6371920797783814 -5.251327563402977 1
4.423765120936014 5.796272834776359 1
-5.3618532052779795 7.215004481790916 1
-7.1875020227468855 -1.2075848490129386 1
-2.2308083831332075 9.529739171603145 1
4.984835557198389 5.822350565603054 1
-3.595938098595944 7.066831719068911 1
-7.0139748997477405 -3.8981377608937327 1
-9.694321106404598 2.08054849364815 1
1.3244746418375497 -4.784100115429477 1
-0.011795985312911608 6.5823040629505964 1
3.5201085045024825 4.584729551712284 1
-7.1532260799053455 -1.9671199950028002 1
0.3611773007511928 -8.370428049063776 1
-9.426734349039391 0.05184978083022764 1
-3.287842209816817 7.680860218941098 1
4.952193792865109 4.8186699679534035 1
3.4752362813148374 -8.321581409987877 1
-7.483058065390681 -5.824237650198856 1
8.44518717144193 2.821509134889317 1
3.973506980579565 -8.172513391161232 1
6.236803596428489 -2.4989327725207566 1
-5.634276545243374 -4.316530712119468 1
4.030133001874282 4.256454924056971 1
4.955874743771432 -7.010732168965244 1
3.658159983298078 6.262582502185955 1
3.827038946842154 -8.988190209651897 1
-5.08438124027699 6.54624502069902 1
-5.8809406282962176 2.405921292471082 1
-8.289971583923418 -3.270357746191257 1
-5.620428305250309 3.031772235715027 1
-7.0848943691917246 -2.711440903713536 1
4.0804283347117725 4.228588004181083 1
-3.249793869293528 -7.218372658700226 1
5.625523349862105 4.606999106185549 1
6.0436253049075415 0.03431700482227636 1
6.740694164265674 6.004870313325365 1
2.143843933838743 8.359205805240302 1
-7.898609226287438 -4.61529016146912 1
6.313480348891544 0.17687798702771837 1
-9.126632171705497 -3.4605979701766714 1
8.731145665149699 -2.7226126556503916 1
5.3210009269804965 -7.598802571366303 1
4.8272458190748715 -5.83475034691551 1
-3.543499248139672 8.381420786664284 1
8.457315149069407 -2.0620212487047156 1
-0.7181885725127164 8.51689692695433 1
6.101681722738137 3.2484304520170197 1
-2.544627071682137 6.7851040322488725 1
-5.202033848401435 -6.014241077071842 1
4.4341518257611705 -8.730810091741485 1
2.280835950687252 4.837487052200352 1
-6.502312806863885 0.7409556747818645 1
-8.462789462556474 -2.725506964210699 1
3.5124622069009592 7.237202602536665 1
5.748609423552764 1.2575660400568782 1
6.869044577168759 -4.14789158872727 1
0.8146537836699907 9.145707594184984 1
-6.995766766991517 -0.2209929275915378 1
-6.498034042182151 -6.964549918895538 1
-1.3338361889598835 8.235520636259793 1
9.041540840368025 -0.9624550995923953 1
-1.7525109665798961 8.559295086310392 1
3.6416721360135877 7.636067745846893 1
6.748554624325521 -6.01544456086504 1
4.979752762800055 -8.34537176146664 1
2.8901383105718503 6.673396383323611 1
0.66020829177614 7.901049406030272 1
-7.957467448123523 3.3188302260724742 1
8.285155780441885 2.07175695285221 1
1.9239283832980318 6.449467667973763 1
-2.2558351578979887 8.635075111370188 1
2.664738776545965 9.04963481355091 1
2.0947678919600254 -4.032815185918196 1
-2.4587358062576326 -9.483932182877925 1
7.594772461005682 0.831649433407323 1
-8.022438053956165 -3.5729280335207316 1
-9.458144180910361 3.0023215941621912 1
5.141386185512263 -6.679735540091231 1
5.5107789822364985 2.342119373551862 1
-6.628213827961575 6.455145263735364 1
-7.081413796068624 -3.106420221938523 1
-8.356042252590212 1.553365137750084 1
-2.3390939075392145 -5.767237740919371 1
6.575481504776201 6.421099418088813 1
1.0633623025536756 7.537732962840191 1
3.2516079175838413 -4.19449390292552 1
9.212397268860915 -2.0327594405828227 1
7.309091496664835 -5.716330970482888 1
5.283749071587366 -6.342069829617789 1
8.917693871799425 -1.7386971364218162 1
7.263801034569187 5.840575897619846 1
7.75830167015956 -3.112212493032834 1
