-0.8109387863094593 1.4294204889067053 7.429552105463529 -5.123683574231455 0.3755056280873355
-2.030860331706273 -0.07898503049508868 9.028980280871014 -6.353222448272162 0.3755056280873355
-0.9798445907118573 0.2373372529317041 2.9489981282936073 -2.8505885582500055 0.3755056280873355
-1.0256751290358712 -1.0023612367246668 5.6236306228429465 -4.691175801588104 0.3755056280873355
0.45901484598566344 1.5191231786287167 6.864011049586141 -4.5384852697394695 0.3755056280873355
0.9060589406195381 -1.5658161176890226 9.179643136607467 -5.901587148935113 0.3755056280873355
-1.5755062008762935 0.39894018607151244 -6.591344801716592 4.056721627320771 0.3755056280873355
-1.463287102765673 -1.2738321199792968 -11.19742643967369 6.376939718847697 0.3755056280873355
-0.8471817126399713 0.18527972103253176 2.1323566308581565 -2.2532794770117155 0.3755056280873355
-0.2104461465120647 -1.8928002265906971 7.547929354822713 -5.295185918729843 0.3755056280873355
